"","gaussienne","uniforme","poisson","exponentielle","chi2","binomiale","cauchy"
"1",1.23198209724993,0.552087390096858,0,0.396971834357828,0.00211559582615507,12,-0.27669593986252
"2",-0.0465674319474194,0.454296451061964,1,0.201957310084254,1.75921707919261e-05,6,0.297902657612644
"3",0.16284043140852,0.612186897080392,0,0.382227549258996,0.362126125431568,8,1.71841336266655
"4",0.521745874865077,0.99885229812935,0,0.865328619214606,0.00854448760609725,16,0.438187335485762
"5",0.150703007915362,0.281633829930797,0,1.03157981899754,0.116212490478807,8,-1.04303504633733
"6",0.434874837209165,0.255358833353966,0,0.555942478124052,0.299414781192612,7,-1.82012507886299
"7",0.159803364555268,0.948704553302377,0,0.0020020199008286,0.208013080716737,9,7.58314012759601
"8",-1.32084996098714,0.452656964072958,0,0.864155665552801,0.00691557235383386,13,1.80528703055468
"9",-0.237641577868441,0.587501541478559,1,0.198257498443127,0.000931528852723003,10,0.606990713117602
"10",-0.0658418145364122,0.820760920643806,0,0.0923515497706831,0.511342589675193,15,-1.08658685626382
"11",0.711043125531406,0.340994094498456,0,0.611886131577194,0.00299403619564139,13,2.21576150180663
"12",0.471902822993245,0.702169245807454,0,0.189762338064611,0.106917090157917,11,-0.247903242969122
"13",0.362633699968586,0.360001749359071,0,0.900254524800447,0.320268875669281,12,0.324159473883039
"14",-0.505342105768908,0.265862552681938,0,0.208278568710555,0.065828624250812,14,11.7561100962102
"15",1.54020043643166,0.239782525459304,2,1.89676173767986,0.07345112285541,5,-1.28465498692732
"16",-1.25007791814708,0.877382951322943,1,0.627765367738903,7.43180177794756e-05,13,-0.131843901303374
"17",-0.765539191173063,0.911954758921638,1,0.59814954129979,2.80154721901043,8,-0.406855754522504
"18",-0.23547777446264,0.340408533345908,2,0.18069236446172,2.07822955710555,13,-0.878452295593967
"19",-0.315318601297875,0.725179900880903,1,4.04783635379231,0.211995845674863,7,-0.137241428264114
"20",1.20019188876254,0.633892266778275,1,3.21243555081968,0.0487682892603318,7,0.244662880507973
"21",0.521860798108682,0.50373334181495,1,0.504079600796103,0.190884271388729,9,0.899906646645552
"22",0.0634728683704556,0.789719549939036,0,2.76843230227444,0.133596707610245,8,-0.774624523856946
"23",-0.586031417499036,0.401199070969597,0,0.495186611769158,0.0582122674033402,12,0.569088075486524
"24",-0.0119217280846473,0.0897432691417634,0,0.263986843638122,1.22136985374213,17,2.22014355921959
"25",-0.708185711771448,0.380370556376874,0,1.267661630134,0.237876695466279,11,-0.245555290659901
"26",-0.752792020511954,0.560841975733638,0,1.88856267900071,0.259395826500703,16,-0.599653021362636
"27",-2.09244754498001,0.699197977781296,1,1.44969445458593,0.567776060960701,8,6.28593517235493
"28",0.317702821221444,0.813596318010241,0,0.568517554085702,2.28117855320197,10,-0.303361469649989
"29",-1.44601604331842,0.824025883572176,0,0.763181604402971,9.23656708711792e-08,8,-1.68159018436254
"30",-0.256260295952563,0.135746942600235,0,1.06654723072032,2.77006611046252,10,-0.215674944349384
"31",-0.538620408364704,0.674522025743499,0,1.28520486685903,4.44864390004835e-09,14,-0.154781058404875
"32",-0.726014801984979,0.0740735428407788,0,1.81629228769782,0.385374155222888,10,-3.35882206887632
"33",-0.596697641282194,0.868564683943987,0,0.228754770476371,0.099304947120584,11,-2.02331248751831
"34",-0.0377347736809587,0.314717882778496,1,1.17635547365518,0.483603960636237,7,-0.374422546930662
"35",-0.59511071494946,0.177154149394482,1,0.33767231926322,0.0803018809098699,9,-0.545736022910303
"36",-0.228790410946291,0.0033816802315414,0,0.222080953419209,0.00825343432200426,9,65.6757628741005
"37",-1.07856332154738,0.523614288540557,0,1.80406861115628,0.0352470639897296,5,-3.72186916931826
"38",1.65160548913664,0.586862651631236,1,2.43390201950882,0.170341014555179,12,-0.889732600977818
"39",0.134768885288696,0.238080605631694,0,0.411026872228831,0.00662924006977588,16,0.490314532628275
"40",-1.11502453453823,0.683366975747049,0,3.34105069918518,1.72321786755613e-06,7,1.69082514288529
